1 0 13 13 1
1 0 40 7 1
1 0 41 7 2
1 0 43 10 1
1 0 42 10 2
1 0 44 12 1
1 0 47 10 3
1 0 61 11 1
1 0 59 5 1
1 0 123 8 1
1 0 125 8 2
1 0 91 9 1
1 0 93 9 2
1 0 34 3 1
1 0 61 11 1
1 0 60 11 2
1 0 62 11 3
1 0 33 11 4
3 1 32 3 4
3 1 48 3 2
3 1 49 3 2
3 1 50 3 2
3 1 51 3 2
3 1 52 3 2
3 1 53 3 2
3 1 54 3 2
3 1 55 3 2
3 1 56 3 2
3 1 57 3 2
3 1 65 3 3
3 1 66 3 3
3 1 67 3 3
3 1 68 3 3
3 1 69 3 3
3 1 70 3 3
3 1 71 3 3
3 1 72 3 3
3 1 73 3 3
3 1 74 3 3
3 1 75 3 3
3 1 76 3 3
3 1 77 3 3
3 1 78 3 3
3 1 79 3 3
3 1 80 3 3
3 1 81 3 3
3 1 82 3 3
3 1 83 3 3
3 1 84 3 3
3 1 85 3 3
3 1 86 3 3
3 1 87 3 3
3 1 88 3 3
3 1 89 3 3
3 1 90 3 3
3 1 97 3 3
3 1 98 3 3
3 1 99 3 3
3 1 100 3 3
3 1 101 3 3
3 1 102 3 3
3 1 103 3 3
3 1 104 3 3
3 1 105 3 3
3 1 106 3 3
3 1 107 3 3
3 1 108 3 3
3 1 109 3 3
3 1 110 3 3
3 1 111 3 3
3 1 112 3 3
3 1 113 3 3
3 1 114 3 3
3 1 115 3 3
3 1 116 3 3
3 1 117 3 3
3 1 118 3 3
3 1 119 3 3
3 1 120 3 3
3 1 121 3 3
3 1 122 3 3
3 2 48 3 2
3 2 49 3 2
3 2 50 3 2
3 2 51 3 2
3 2 52 3 2
3 2 53 3 2
3 2 54 3 2
3 2 55 3 2
3 2 56 3 2
3 2 57 3 2
3 2 65 3 3
3 2 66 3 3
3 2 67 3 3
3 2 68 3 3
3 2 69 3 3
3 2 70 3 3
3 2 71 3 3
3 2 72 3 3
3 2 73 3 3
3 2 74 3 3
3 2 75 3 3
3 2 76 3 3
3 2 77 3 3
3 2 78 3 3
3 2 79 3 3
3 2 80 3 3
3 2 81 3 3
3 2 82 3 3
3 2 83 3 3
3 2 84 3 3
3 2 85 3 3
3 2 86 3 3
3 2 87 3 3
3 2 88 3 3
3 2 89 3 3
3 2 90 3 3
3 2 97 3 3
3 2 98 3 3
3 2 99 3 3
3 2 100 3 3
3 2 101 3 3
3 2 102 3 3
3 2 103 3 3
3 2 104 3 3
3 2 105 3 3
3 2 106 3 3
3 2 107 3 3
3 2 108 3 3
3 2 109 3 3
3 2 110 3 3
3 2 111 3 3
3 2 112 3 3
3 2 113 3 3
3 2 114 3 3
3 2 115 3 3
3 2 116 3 3
3 2 117 3 3
3 2 118 3 3
3 2 119 3 3
3 2 120 3 3
3 2 121 3 3
3 2 122 3 3
3 2 32 3 4
3 2 34 3 5
3 3 48 3 2
3 3 49 3 2
3 3 50 3 2
3 3 51 3 2
3 3 52 3 2
3 3 53 3 2
3 3 54 3 2
3 3 55 3 2
3 3 56 3 2
3 3 57 3 2
3 3 65 3 3
3 3 66 3 3
3 3 67 3 3
3 3 68 3 3
3 3 69 3 3
3 3 70 3 3
3 3 71 3 3
3 3 72 3 3
3 3 73 3 3
3 3 74 3 3
3 3 75 3 3
3 3 76 3 3
3 3 77 3 3
3 3 78 3 3
3 3 79 3 3
3 3 80 3 3
3 3 81 3 3
3 3 82 3 3
3 3 83 3 3
3 3 84 3 3
3 3 85 3 3
3 3 86 3 3
3 3 87 3 3
3 3 88 3 3
3 3 89 3 3
3 3 90 3 3
3 3 97 3 3
3 3 98 3 3
3 3 99 3 3
3 3 100 3 3
3 3 101 3 3
3 3 102 3 3
3 3 103 3 3
3 3 104 3 3
3 3 105 3 3
3 3 106 3 3
3 3 107 3 3
3 3 108 3 3
3 3 109 3 3
3 3 110 3 3
3 3 111 3 3
3 3 112 3 3
3 3 113 3 3
3 3 114 3 3
3 3 115 3 3
3 3 116 3 3
3 3 117 3 3
3 3 118 3 3
3 3 119 3 3
3 3 120 3 3
3 3 121 3 3
3 3 122 3 3
3 3 32 3 4
3 3 34 3 5
3 4 48 3 2
3 4 49 3 2
3 4 50 3 2
3 4 51 3 2
3 4 52 3 2
3 4 53 3 2
3 4 54 3 2
3 4 55 3 2
3 4 56 3 2
3 4 57 3 2
3 4 65 3 3
3 4 66 3 3
3 4 67 3 3
3 4 68 3 3
3 4 69 3 3
3 4 70 3 3
3 4 71 3 3
3 4 72 3 3
3 4 73 3 3
3 4 74 3 3
3 4 75 3 3
3 4 76 3 3
3 4 77 3 3
3 4 78 3 3
3 4 79 3 3
3 4 80 3 3
3 4 81 3 3
3 4 82 3 3
3 4 83 3 3
3 4 84 3 3
3 4 85 3 3
3 4 86 3 3
3 4 87 3 3
3 4 88 3 3
3 4 89 3 3
3 4 90 3 3
3 4 97 3 3
3 4 98 3 3
3 4 99 3 3
3 4 100 3 3
3 4 101 3 3
3 4 102 3 3
3 4 103 3 3
3 4 104 3 3
3 4 105 3 3
3 4 106 3 3
3 4 107 3 3
3 4 108 3 3
3 4 109 3 3
3 4 110 3 3
3 4 111 3 3
3 4 112 3 3
3 4 113 3 3
3 4 114 3 3
3 4 115 3 3
3 4 116 3 3
3 4 117 3 3
3 4 118 3 3
3 4 119 3 3
3 4 120 3 3
3 4 121 3 3
3 4 122 3 3
3 4 32 3 4
3 4 34 3 5
1 0 39 2 1
2 1 48 2 2
2 1 49 2 2
2 1 50 2 2
2 1 51 2 2
2 1 52 2 2
2 1 53 2 2
2 1 54 2 2
2 1 55 2 2
2 1 56 2 2
2 1 57 2 2
2 1 65 2 3
2 1 66 2 3
2 1 67 2 3
2 1 68 2 3
2 1 69 2 3
2 1 70 2 3
2 1 71 2 3
2 1 72 2 3
2 1 73 2 3
2 1 74 2 3
2 1 75 2 3
2 1 76 2 3
2 1 77 2 3
2 1 78 2 3
2 1 79 2 3
2 1 80 2 3
2 1 81 2 3
2 1 82 2 3
2 1 83 2 3
2 1 84 2 3
2 1 85 2 3
2 1 86 2 3
2 1 87 2 3
2 1 88 2 3
2 1 89 2 3
2 1 90 2 3
2 1 97 2 3
2 1 98 2 3
2 1 99 2 3
2 1 100 2 3
2 1 101 2 3
2 1 102 2 3
2 1 103 2 3
2 1 104 2 3
2 1 105 2 3
2 1 106 2 3
2 1 107 2 3
2 1 108 2 3
2 1 109 2 3
2 1 110 2 3
2 1 111 2 3
2 1 112 2 3
2 1 113 2 3
2 1 114 2 3
2 1 115 2 3
2 1 116 2 3
2 1 117 2 3
2 1 118 2 3
2 1 119 2 3
2 1 120 2 3
2 1 121 2 3
2 1 122 2 3
2 1 32 2 4
2 2 39 2 5
2 3 39 2 5
2 4 39 2 5
1 0 65 6 1
1 0 66 6 1
1 0 67 6 1
1 0 68 6 1
1 0 69 6 1
1 0 70 6 1
1 0 71 6 1
1 0 72 6 1
1 0 73 6 1
1 0 74 6 1
1 0 75 6 1
1 0 76 6 1
1 0 77 6 1
1 0 78 6 1
1 0 79 6 1
1 0 80 6 1
1 0 81 6 1
1 0 82 6 1
1 0 83 6 50
1 0 84 6 1
1 0 85 6 1
1 0 86 6 1
1 0 87 6 1
1 0 88 6 1
1 0 89 6 1
1 0 90 6 1
1 0 97 6 1
1 0 98 6 43
1 0 99 6 10
1 0 100 6 1
1 0 101 6 8
1 0 102 6 33
1 0 103 6 1
1 0 104 6 1
1 0 105 6 7
1 0 106 6 1
1 0 107 6 1
1 0 108 6 1
1 0 109 6 1
1 0 110 6 1
1 0 111 6 1
1 0 112 6 1
1 0 113 6 1
1 0 114 6 11
1 0 115 6 1
1 0 116 6 29
1 0 117 6 1
1 0 118 6 1
1 0 119 6 9
1 0 120 6 1
1 0 121 6 1
1 0 122 6 1
1 0 95 6 1
6 1 65 6 3
6 1 66 6 3
6 1 67 6 3
6 1 68 6 3
6 1 69 6 3
6 1 70 6 3
6 1 71 6 3
6 1 72 6 3
6 1 73 6 3
6 1 74 6 3
6 1 75 6 3
6 1 76 6 3
6 1 77 6 3
6 1 78 6 3
6 1 79 6 3
6 1 80 6 3
6 1 81 6 3
6 1 82 6 3
6 1 83 6 3
6 1 84 6 3
6 1 85 6 3
6 1 86 6 3
6 1 87 6 3
6 1 88 6 3
6 1 89 6 3
6 1 90 6 3
6 2 65 6 3
6 2 66 6 3
6 2 67 6 3
6 2 68 6 3
6 2 69 6 3
6 2 70 6 3
6 2 71 6 3
6 2 72 6 3
6 2 73 6 3
6 2 74 6 3
6 2 75 6 3
6 2 76 6 3
6 2 77 6 3
6 2 78 6 3
6 2 79 6 3
6 2 80 6 3
6 2 81 6 3
6 2 82 6 3
6 2 83 6 3
6 2 84 6 3
6 2 85 6 3
6 2 86 6 3
6 2 87 6 3
6 2 88 6 3
6 2 89 6 3
6 2 90 6 3
6 3 65 6 3
6 3 66 6 3
6 3 67 6 3
6 3 68 6 3
6 3 69 6 3
6 3 70 6 3
6 3 71 6 3
6 3 72 6 3
6 3 73 6 3
6 3 74 6 3
6 3 75 6 3
6 3 76 6 3
6 3 77 6 3
6 3 78 6 3
6 3 79 6 3
6 3 80 6 3
6 3 81 6 3
6 3 82 6 3
6 3 83 6 3
6 3 84 6 3
6 3 85 6 3
6 3 86 6 3
6 3 87 6 3
6 3 88 6 3
6 3 89 6 3
6 3 90 6 3
6 4 65 6 3
6 4 66 6 3
6 4 67 6 3
6 4 68 6 3
6 4 69 6 3
6 4 70 6 3
6 4 71 6 3
6 4 72 6 3
6 4 73 6 3
6 4 74 6 3
6 4 75 6 3
6 4 76 6 3
6 4 77 6 3
6 4 78 6 3
6 4 79 6 3
6 4 80 6 3
6 4 81 6 3
6 4 82 6 3
6 4 83 6 3
6 4 84 6 3
6 4 85 6 3
6 4 86 6 3
6 4 87 6 3
6 4 88 6 3
6 4 89 6 3
6 4 90 6 3
6 5 65 6 3
6 5 66 6 3
6 5 67 6 3
6 5 68 6 3
6 5 69 6 3
6 5 70 6 3
6 5 71 6 3
6 5 72 6 3
6 5 73 6 3
6 5 74 6 3
6 5 75 6 3
6 5 76 6 3
6 5 77 6 3
6 5 78 6 3
6 5 79 6 3
6 5 80 6 3
6 5 81 6 3
6 5 82 6 3
6 5 83 6 3
6 5 84 6 3
6 5 85 6 3
6 5 86 6 3
6 5 87 6 3
6 5 88 6 3
6 5 89 6 3
6 5 90 6 3
6 6 65 6 3
6 6 66 6 3
6 6 67 6 3
6 6 68 6 3
6 6 69 6 3
6 6 70 6 3
6 6 71 6 3
6 6 72 6 3
6 6 73 6 3
6 6 74 6 3
6 6 75 6 3
6 6 76 6 3
6 6 77 6 3
6 6 78 6 3
6 6 79 6 3
6 6 80 6 3
6 6 81 6 3
6 6 82 6 3
6 6 83 6 3
6 6 84 6 3
6 6 85 6 3
6 6 86 6 3
6 6 87 6 3
6 6 88 6 3
6 6 89 6 3
6 6 90 6 3
6 1 97 6 3
6 1 98 6 3
6 1 99 6 3
6 1 100 6 3
6 1 101 6 3
6 1 102 6 3
6 1 103 6 3
6 1 104 6 3
6 1 105 6 3
6 1 106 6 3
6 1 107 6 3
6 1 108 6 3
6 1 109 6 3
6 1 110 6 3
6 1 111 6 3
6 1 112 6 3
6 1 113 6 3
6 1 114 6 3
6 1 115 6 3
6 1 116 6 3
6 1 117 6 3
6 1 118 6 3
6 1 119 6 3
6 1 120 6 3
6 1 121 6 3
6 1 122 6 3
6 2 97 6 3
6 2 98 6 3
6 2 99 6 3
6 2 100 6 3
6 2 101 6 3
6 2 102 6 3
6 2 103 6 3
6 2 104 6 3
6 2 105 6 3
6 2 106 6 3
6 2 107 6 3
6 2 108 6 3
6 2 109 6 3
6 2 110 6 3
6 2 111 6 3
6 2 112 6 3
6 2 113 6 3
6 2 114 6 3
6 2 115 6 3
6 2 116 6 3
6 2 117 6 3
6 2 118 6 3
6 2 119 6 3
6 2 120 6 3
6 2 121 6 3
6 2 122 6 3
6 3 97 6 3
6 3 98 6 3
6 3 99 6 3
6 3 100 6 3
6 3 101 6 3
6 3 102 6 3
6 3 103 6 3
6 3 104 6 3
6 3 105 6 3
6 3 106 6 3
6 3 107 6 3
6 3 108 6 3
6 3 109 6 3
6 3 110 6 3
6 3 111 6 3
6 3 112 6 3
6 3 113 6 3
6 3 114 6 3
6 3 115 6 3
6 3 116 6 3
6 3 117 6 3
6 3 118 6 3
6 3 119 6 3
6 3 120 6 3
6 3 121 6 3
6 3 122 6 3
6 4 97 6 3
6 4 98 6 3
6 4 99 6 3
6 4 100 6 3
6 4 101 6 3
6 4 102 6 3
6 4 103 6 3
6 4 104 6 3
6 4 105 6 3
6 4 106 6 3
6 4 107 6 3
6 4 108 6 3
6 4 109 6 3
6 4 110 6 3
6 4 111 6 3
6 4 112 6 3
6 4 113 6 3
6 4 114 6 3
6 4 115 6 3
6 4 116 6 3
6 4 117 6 3
6 4 118 6 3
6 4 119 6 3
6 4 120 6 3
6 4 121 6 3
6 4 122 6 3
6 5 97 6 3
6 5 98 6 3
6 5 99 6 3
6 5 100 6 3
6 5 101 6 3
6 5 102 6 3
6 5 103 6 3
6 5 104 6 3
6 5 105 6 3
6 5 106 6 3
6 5 107 6 3
6 5 108 6 3
6 5 109 6 3
6 5 110 6 3
6 5 111 6 3
6 5 112 6 3
6 5 113 6 3
6 5 114 6 3
6 5 115 6 3
6 5 116 6 3
6 5 117 6 3
6 5 118 6 3
6 5 119 6 3
6 5 120 6 3
6 5 121 6 3
6 5 122 6 3
6 6 97 6 3
6 6 98 6 3
6 6 99 6 3
6 6 100 6 3
6 6 101 6 3
6 6 102 6 3
6 6 103 6 3
6 6 104 6 3
6 6 105 6 3
6 6 106 6 3
6 6 107 6 3
6 6 108 6 3
6 6 109 6 3
6 6 110 6 3
6 6 111 6 3
6 6 112 6 3
6 6 113 6 3
6 6 114 6 3
6 6 115 6 3
6 6 116 6 3
6 6 117 6 3
6 6 118 6 3
6 6 119 6 3
6 6 120 6 3
6 6 121 6 3
6 6 122 6 3
6 1 95 6 4
6 2 95 6 4
6 3 95 6 4
6 4 95 6 4
6 5 95 6 4
6 6 95 6 4
6 1 49 6 5
6 1 50 6 5
6 1 51 6 5
6 1 52 6 5
6 1 53 6 5
6 1 54 6 5
6 1 55 6 5
6 1 56 6 5
6 1 57 6 5
6 2 49 6 5
6 2 50 6 5
6 2 51 6 5
6 2 52 6 5
6 2 53 6 5
6 2 54 6 5
6 2 55 6 5
6 2 56 6 5
6 2 57 6 5
6 3 49 6 5
6 3 50 6 5
6 3 51 6 5
6 3 52 6 5
6 3 53 6 5
6 3 54 6 5
6 3 55 6 5
6 3 56 6 5
6 3 57 6 5
6 4 49 6 5
6 4 50 6 5
6 4 51 6 5
6 4 52 6 5
6 4 53 6 5
6 4 54 6 5
6 4 55 6 5
6 4 56 6 5
6 4 57 6 5
6 5 49 6 5
6 5 50 6 5
6 5 51 6 5
6 5 52 6 5
6 5 53 6 5
6 5 54 6 5
6 5 55 6 5
6 5 56 6 5
6 5 57 6 5
6 6 49 6 5
6 6 50 6 5
6 6 51 6 5
6 6 52 6 5
6 6 53 6 5
6 6 54 6 5
6 6 55 6 5
6 6 56 6 5
6 6 57 6 5
6 1 48 6 6
6 2 48 6 6
6 3 48 6 6
6 4 48 6 6
6 5 48 6 6
6 6 48 6 6
6 7 65 6 3
6 7 66 6 3
6 7 67 6 3
6 7 68 6 3
6 7 69 6 3
6 7 70 6 3
6 7 71 6 3
6 7 72 6 3
6 7 73 6 3
6 7 74 6 3
6 7 75 6 3
6 7 76 6 3
6 7 77 6 3
6 7 78 6 3
6 7 79 6 3
6 7 80 6 3
6 7 81 6 3
6 7 82 6 3
6 7 83 6 3
6 7 84 6 3
6 7 85 6 3
6 7 86 6 3
6 7 87 6 3
6 7 88 6 3
6 7 89 6 3
6 7 90 6 3
6 7 97 6 3
6 7 98 6 3
6 7 99 6 3
6 7 100 6 3
6 7 101 6 3
6 7 102 6 12
6 7 103 6 3
6 7 104 6 3
6 7 105 6 3
6 7 106 6 3
6 7 107 6 3
6 7 108 6 3
6 7 109 6 3
6 7 110 6 38
6 7 111 6 3
6 7 112 6 3
6 7 113 6 3
6 7 114 6 3
6 7 115 6 3
6 7 116 6 3
6 7 117 6 3
6 7 118 6 3
6 7 119 6 3
6 7 120 6 3
6 7 121 6 3
6 7 122 6 3
6 7 95 6 4
6 7 49 6 5
6 7 50 6 5
6 7 51 6 5
6 7 52 6 5
6 7 53 6 5
6 7 54 6 5
6 7 55 6 5
6 7 56 6 5
6 7 57 6 5
6 7 48 6 6
6 8 65 6 3
6 8 66 6 3
6 8 67 6 3
6 8 68 6 3
6 8 69 6 3
6 8 70 6 3
6 8 71 6 3
6 8 72 6 3
6 8 73 6 3
6 8 74 6 3
6 8 75 6 3
6 8 76 6 3
6 8 77 6 3
6 8 78 6 3
6 8 79 6 3
6 8 80 6 3
6 8 81 6 3
6 8 82 6 3
6 8 83 6 3
6 8 84 6 3
6 8 85 6 3
6 8 86 6 3
6 8 87 6 3
6 8 88 6 3
6 8 89 6 3
6 8 90 6 3
6 8 97 6 3
6 8 98 6 3
6 8 99 6 3
6 8 100 6 3
6 8 101 6 3
6 8 102 6 3
6 8 103 6 3
6 8 104 6 3
6 8 105 6 3
6 8 106 6 3
6 8 107 6 3
6 8 108 6 13
6 8 109 6 3
6 8 110 6 3
6 8 111 6 3
6 8 112 6 3
6 8 113 6 3
6 8 114 6 3
6 8 115 6 3
6 8 116 6 3
6 8 117 6 3
6 8 118 6 3
6 8 119 6 3
6 8 120 6 3
6 8 121 6 3
6 8 122 6 3
6 8 95 6 4
6 8 49 6 5
6 8 50 6 5
6 8 51 6 5
6 8 52 6 5
6 8 53 6 5
6 8 54 6 5
6 8 55 6 5
6 8 56 6 5
6 8 57 6 5
6 8 48 6 6
6 9 65 6 3
6 9 66 6 3
6 9 67 6 3
6 9 68 6 3
6 9 69 6 3
6 9 70 6 3
6 9 71 6 3
6 9 72 6 3
6 9 73 6 3
6 9 74 6 3
6 9 75 6 3
6 9 76 6 3
6 9 77 6 3
6 9 78 6 3
6 9 79 6 3
6 9 80 6 3
6 9 81 6 3
6 9 82 6 3
6 9 83 6 3
6 9 84 6 3
6 9 85 6 3
6 9 86 6 3
6 9 87 6 3
6 9 88 6 3
6 9 89 6 3
6 9 90 6 3
6 9 97 6 3
6 9 98 6 3
6 9 99 6 3
6 9 100 6 3
6 9 101 6 3
6 9 102 6 3
6 9 103 6 3
6 9 104 6 14
6 9 105 6 3
6 9 106 6 3
6 9 107 6 3
6 9 108 6 3
6 9 109 6 3
6 9 110 6 3
6 9 111 6 3
6 9 112 6 3
6 9 113 6 3
6 9 114 6 3
6 9 115 6 3
6 9 116 6 3
6 9 117 6 3
6 9 118 6 3
6 9 119 6 3
6 9 120 6 3
6 9 121 6 3
6 9 122 6 3
6 9 95 6 4
6 9 49 6 5
6 9 50 6 5
6 9 51 6 5
6 9 52 6 5
6 9 53 6 5
6 9 54 6 5
6 9 55 6 5
6 9 56 6 5
6 9 57 6 5
6 9 48 6 6
6 10 65 6 3
6 10 66 6 3
6 10 67 6 3
6 10 68 6 3
6 10 69 6 3
6 10 70 6 3
6 10 71 6 3
6 10 72 6 3
6 10 73 6 3
6 10 74 6 3
6 10 75 6 3
6 10 76 6 3
6 10 77 6 3
6 10 78 6 3
6 10 79 6 3
6 10 80 6 3
6 10 81 6 3
6 10 82 6 3
6 10 83 6 3
6 10 84 6 3
6 10 85 6 3
6 10 86 6 3
6 10 87 6 3
6 10 88 6 3
6 10 89 6 3
6 10 90 6 3
6 10 97 6 3
6 10 98 6 3
6 10 99 6 3
6 10 100 6 3
6 10 101 6 3
6 10 102 6 3
6 10 103 6 3
6 10 104 6 40
6 10 105 6 3
6 10 106 6 3
6 10 107 6 3
6 10 108 6 15
6 10 109 6 3
6 10 110 6 3
6 10 111 6 3
6 10 112 6 3
6 10 113 6 3
6 10 114 6 3
6 10 115 6 3
6 10 116 6 3
6 10 117 6 3
6 10 118 6 3
6 10 119 6 3
6 10 120 6 3
6 10 121 6 3
6 10 122 6 3
6 10 95 6 4
6 10 49 6 5
6 10 50 6 5
6 10 51 6 5
6 10 52 6 5
6 10 53 6 5
6 10 54 6 5
6 10 55 6 5
6 10 56 6 5
6 10 57 6 5
6 10 48 6 6
6 11 65 6 3
6 11 66 6 3
6 11 67 6 3
6 11 68 6 3
6 11 69 6 3
6 11 70 6 3
6 11 71 6 3
6 11 72 6 3
6 11 73 6 3
6 11 74 6 3
6 11 75 6 3
6 11 76 6 3
6 11 77 6 3
6 11 78 6 3
6 11 79 6 3
6 11 80 6 3
6 11 81 6 3
6 11 82 6 3
6 11 83 6 3
6 11 84 6 3
6 11 85 6 3
6 11 86 6 3
6 11 87 6 3
6 11 88 6 3
6 11 89 6 3
6 11 90 6 3
6 11 97 6 3
6 11 98 6 3
6 11 99 6 3
6 11 100 6 3
6 11 101 6 16
6 11 102 6 3
6 11 103 6 3
6 11 104 6 3
6 11 105 6 3
6 11 106 6 3
6 11 107 6 3
6 11 108 6 3
6 11 109 6 3
6 11 110 6 3
6 11 111 6 3
6 11 112 6 3
6 11 113 6 3
6 11 114 6 3
6 11 115 6 3
6 11 116 6 3
6 11 117 6 3
6 11 118 6 3
6 11 119 6 3
6 11 120 6 3
6 11 121 6 3
6 11 122 6 3
6 11 95 6 4
6 11 49 6 5
6 11 50 6 5
6 11 51 6 5
6 11 52 6 5
6 11 53 6 5
6 11 54 6 5
6 11 55 6 5
6 11 56 6 5
6 11 57 6 5
6 11 48 6 6
6 12 65 6 3
6 12 66 6 3
6 12 67 6 3
6 12 68 6 3
6 12 69 6 3
6 12 70 6 3
6 12 71 6 3
6 12 72 6 3
6 12 73 6 3
6 12 74 6 3
6 12 75 6 3
6 12 76 6 3
6 12 77 6 3
6 12 78 6 3
6 12 79 6 3
6 12 80 6 3
6 12 81 6 3
6 12 82 6 3
6 12 83 6 3
6 12 84 6 3
6 12 85 6 3
6 12 86 6 3
6 12 87 6 3
6 12 88 6 3
6 12 89 6 3
6 12 90 6 3
6 12 97 6 3
6 12 98 6 3
6 12 99 6 3
6 12 100 6 3
6 12 101 6 3
6 12 102 6 3
6 12 103 6 3
6 12 104 6 3
6 12 105 6 3
6 12 106 6 3
6 12 107 6 3
6 12 108 6 3
6 12 109 6 3
6 12 110 6 3
6 12 111 6 3
6 12 112 6 3
6 12 113 6 3
6 12 114 6 3
6 12 115 6 3
6 12 116 6 3
6 12 117 6 3
6 12 118 6 3
6 12 119 6 3
6 12 120 6 3
6 12 121 6 3
6 12 122 6 3
6 12 95 6 4
6 12 49 6 5
6 12 50 6 5
6 12 51 6 5
6 12 52 6 5
6 12 53 6 5
6 12 54 6 5
6 12 55 6 5
6 12 56 6 5
6 12 57 6 5
6 12 48 6 6
6 13 65 6 3
6 13 66 6 3
6 13 67 6 3
6 13 68 6 3
6 13 69 6 3
6 13 70 6 3
6 13 71 6 3
6 13 72 6 3
6 13 73 6 3
6 13 74 6 3
6 13 75 6 3
6 13 76 6 3
6 13 77 6 3
6 13 78 6 3
6 13 79 6 3
6 13 80 6 3
6 13 81 6 3
6 13 82 6 3
6 13 83 6 3
6 13 84 6 3
6 13 85 6 3
6 13 86 6 3
6 13 87 6 3
6 13 88 6 3
6 13 89 6 3
6 13 90 6 3
6 13 97 6 3
6 13 98 6 3
6 13 99 6 3
6 13 100 6 3
6 13 101 6 3
6 13 102 6 3
6 13 103 6 3
6 13 104 6 3
6 13 105 6 3
6 13 106 6 3
6 13 107 6 3
6 13 108 6 3
6 13 109 6 3
6 13 110 6 3
6 13 111 6 3
6 13 112 6 3
6 13 113 6 3
6 13 114 6 3
6 13 115 6 17
6 13 116 6 3
6 13 117 6 3
6 13 118 6 3
6 13 119 6 3
6 13 120 6 3
6 13 121 6 3
6 13 122 6 3
6 13 95 6 4
6 13 49 6 5
6 13 50 6 5
6 13 51 6 5
6 13 52 6 5
6 13 53 6 5
6 13 54 6 5
6 13 55 6 5
6 13 56 6 5
6 13 57 6 5
6 13 48 6 6
6 14 65 6 3
6 14 66 6 3
6 14 67 6 3
6 14 68 6 3
6 14 69 6 3
6 14 70 6 3
6 14 71 6 3
6 14 72 6 3
6 14 73 6 3
6 14 74 6 3
6 14 75 6 3
6 14 76 6 3
6 14 77 6 3
6 14 78 6 3
6 14 79 6 3
6 14 80 6 3
6 14 81 6 3
6 14 82 6 3
6 14 83 6 3
6 14 84 6 3
6 14 85 6 3
6 14 86 6 3
6 14 87 6 3
6 14 88 6 3
6 14 89 6 3
6 14 90 6 3
6 14 97 6 3
6 14 98 6 3
6 14 99 6 3
6 14 100 6 3
6 14 101 6 3
6 14 102 6 3
6 14 103 6 3
6 14 104 6 3
6 14 105 6 18
6 14 106 6 3
6 14 107 6 3
6 14 108 6 3
6 14 109 6 3
6 14 110 6 3
6 14 111 6 3
6 14 112 6 3
6 14 113 6 3
6 14 114 6 3
6 14 115 6 3
6 14 116 6 3
6 14 117 6 3
6 14 118 6 3
6 14 119 6 3
6 14 120 6 3
6 14 121 6 3
6 14 122 6 3
6 14 95 6 4
6 14 49 6 5
6 14 50 6 5
6 14 51 6 5
6 14 52 6 5
6 14 53 6 5
6 14 54 6 5
6 14 55 6 5
6 14 56 6 5
6 14 57 6 5
6 14 48 6 6
6 15 65 6 3
6 15 66 6 3
6 15 67 6 3
6 15 68 6 3
6 15 69 6 3
6 15 70 6 3
6 15 71 6 3
6 15 72 6 3
6 15 73 6 3
6 15 74 6 3
6 15 75 6 3
6 15 76 6 3
6 15 77 6 3
6 15 78 6 3
6 15 79 6 3
6 15 80 6 3
6 15 81 6 3
6 15 82 6 3
6 15 83 6 3
6 15 84 6 3
6 15 85 6 3
6 15 86 6 3
6 15 87 6 3
6 15 88 6 3
6 15 89 6 3
6 15 90 6 3
6 15 97 6 19
6 15 98 6 3
6 15 99 6 3
6 15 100 6 3
6 15 101 6 3
6 15 102 6 3
6 15 103 6 3
6 15 104 6 3
6 15 105 6 3
6 15 106 6 3
6 15 107 6 3
6 15 108 6 3
6 15 109 6 3
6 15 110 6 3
6 15 111 6 3
6 15 112 6 3
6 15 113 6 3
6 15 114 6 3
6 15 115 6 3
6 15 116 6 3
6 15 117 6 3
6 15 118 6 3
6 15 119 6 3
6 15 120 6 3
6 15 121 6 3
6 15 122 6 3
6 15 95 6 4
6 15 49 6 5
6 15 50 6 5
6 15 51 6 5
6 15 52 6 5
6 15 53 6 5
6 15 54 6 5
6 15 55 6 5
6 15 56 6 5
6 15 57 6 5
6 15 48 6 6
6 16 65 6 3
6 16 66 6 3
6 16 67 6 3
6 16 68 6 3
6 16 69 6 3
6 16 70 6 3
6 16 71 6 3
6 16 72 6 3
6 16 73 6 3
6 16 74 6 3
6 16 75 6 3
6 16 76 6 3
6 16 77 6 3
6 16 78 6 3
6 16 79 6 3
6 16 80 6 3
6 16 81 6 3
6 16 82 6 3
6 16 83 6 3
6 16 84 6 3
6 16 85 6 3
6 16 86 6 3
6 16 87 6 3
6 16 88 6 3
6 16 89 6 3
6 16 90 6 3
6 16 97 6 3
6 16 98 6 3
6 16 99 6 3
6 16 100 6 3
6 16 101 6 3
6 16 102 6 3
6 16 103 6 3
6 16 104 6 3
6 16 105 6 3
6 16 106 6 3
6 16 107 6 3
6 16 108 6 3
6 16 109 6 3
6 16 110 6 3
6 16 111 6 3
6 16 112 6 3
6 16 113 6 3
6 16 114 6 3
6 16 115 6 3
6 16 116 6 20
6 16 117 6 3
6 16 118 6 3
6 16 119 6 3
6 16 120 6 3
6 16 121 6 3
6 16 122 6 3
6 16 95 6 4
6 16 49 6 5
6 16 50 6 5
6 16 51 6 5
6 16 52 6 5
6 16 53 6 5
6 16 54 6 5
6 16 55 6 5
6 16 56 6 5
6 16 57 6 5
6 16 48 6 6
6 17 65 6 3
6 17 66 6 3
6 17 67 6 3
6 17 68 6 3
6 17 69 6 3
6 17 70 6 3
6 17 71 6 3
6 17 72 6 3
6 17 73 6 3
6 17 74 6 3
6 17 75 6 3
6 17 76 6 3
6 17 77 6 3
6 17 78 6 3
6 17 79 6 3
6 17 80 6 3
6 17 81 6 3
6 17 82 6 3
6 17 83 6 3
6 17 84 6 3
6 17 85 6 3
6 17 86 6 3
6 17 87 6 3
6 17 88 6 3
6 17 89 6 3
6 17 90 6 3
6 17 97 6 3
6 17 98 6 3
6 17 99 6 3
6 17 100 6 3
6 17 101 6 21
6 17 102 6 3
6 17 103 6 3
6 17 104 6 3
6 17 105 6 3
6 17 106 6 3
6 17 107 6 3
6 17 108 6 3
6 17 109 6 3
6 17 110 6 3
6 17 111 6 3
6 17 112 6 3
6 17 113 6 3
6 17 114 6 3
6 17 115 6 3
6 17 116 6 3
6 17 117 6 3
6 17 118 6 3
6 17 119 6 3
6 17 120 6 3
6 17 121 6 3
6 17 122 6 3
6 17 95 6 4
6 17 49 6 5
6 17 50 6 5
6 17 51 6 5
6 17 52 6 5
6 17 53 6 5
6 17 54 6 5
6 17 55 6 5
6 17 56 6 5
6 17 57 6 5
6 17 48 6 6
6 18 65 6 3
6 18 66 6 3
6 18 67 6 3
6 18 68 6 3
6 18 69 6 3
6 18 70 6 3
6 18 71 6 3
6 18 72 6 3
6 18 73 6 3
6 18 74 6 3
6 18 75 6 3
6 18 76 6 3
6 18 77 6 3
6 18 78 6 3
6 18 79 6 3
6 18 80 6 3
6 18 81 6 3
6 18 82 6 3
6 18 83 6 3
6 18 84 6 3
6 18 85 6 3
6 18 86 6 3
6 18 87 6 3
6 18 88 6 3
6 18 89 6 3
6 18 90 6 3
6 18 97 6 3
6 18 98 6 3
6 18 99 6 3
6 18 100 6 3
6 18 101 6 3
6 18 102 6 3
6 18 103 6 3
6 18 104 6 3
6 18 105 6 3
6 18 106 6 3
6 18 107 6 3
6 18 108 6 22
6 18 109 6 3
6 18 110 6 3
6 18 111 6 3
6 18 112 6 3
6 18 113 6 3
6 18 114 6 3
6 18 115 6 3
6 18 116 6 3
6 18 117 6 3
6 18 118 6 3
6 18 119 6 3
6 18 120 6 3
6 18 121 6 3
6 18 122 6 3
6 18 95 6 4
6 18 49 6 5
6 18 50 6 5
6 18 51 6 5
6 18 52 6 5
6 18 53 6 5
6 18 54 6 5
6 18 55 6 5
6 18 56 6 5
6 18 57 6 5
6 18 48 6 6
6 19 65 6 3
6 19 66 6 3
6 19 67 6 3
6 19 68 6 3
6 19 69 6 3
6 19 70 6 3
6 19 71 6 3
6 19 72 6 3
6 19 73 6 3
6 19 74 6 3
6 19 75 6 3
6 19 76 6 3
6 19 77 6 3
6 19 78 6 3
6 19 79 6 3
6 19 80 6 3
6 19 81 6 3
6 19 82 6 3
6 19 83 6 3
6 19 84 6 3
6 19 85 6 3
6 19 86 6 3
6 19 87 6 3
6 19 88 6 3
6 19 89 6 3
6 19 90 6 3
6 19 97 6 3
6 19 98 6 3
6 19 99 6 3
6 19 100 6 3
6 19 101 6 3
6 19 102 6 3
6 19 103 6 3
6 19 104 6 3
6 19 105 6 3
6 19 106 6 3
6 19 107 6 3
6 19 108 6 3
6 19 109 6 3
6 19 110 6 3
6 19 111 6 3
6 19 112 6 3
6 19 113 6 3
6 19 114 6 3
6 19 115 6 23
6 19 116 6 3
6 19 117 6 3
6 19 118 6 3
6 19 119 6 3
6 19 120 6 3
6 19 121 6 3
6 19 122 6 3
6 19 95 6 4
6 19 49 6 5
6 19 50 6 5
6 19 51 6 5
6 19 52 6 5
6 19 53 6 5
6 19 54 6 5
6 19 55 6 5
6 19 56 6 5
6 19 57 6 5
6 19 48 6 6
6 20 65 6 3
6 20 66 6 3
6 20 67 6 3
6 20 68 6 3
6 20 69 6 3
6 20 70 6 3
6 20 71 6 3
6 20 72 6 3
6 20 73 6 3
6 20 74 6 3
6 20 75 6 3
6 20 76 6 3
6 20 77 6 3
6 20 78 6 3
6 20 79 6 3
6 20 80 6 3
6 20 81 6 3
6 20 82 6 3
6 20 83 6 3
6 20 84 6 3
6 20 85 6 3
6 20 86 6 3
6 20 87 6 3
6 20 88 6 3
6 20 89 6 3
6 20 90 6 3
6 20 97 6 3
6 20 98 6 3
6 20 99 6 3
6 20 100 6 3
6 20 101 6 3
6 20 102 6 3
6 20 103 6 3
6 20 104 6 3
6 20 105 6 3
6 20 106 6 3
6 20 107 6 3
6 20 108 6 3
6 20 109 6 3
6 20 110 6 3
6 20 111 6 3
6 20 112 6 3
6 20 113 6 3
6 20 114 6 3
6 20 115 6 3
6 20 116 6 3
6 20 117 6 24
6 20 118 6 3
6 20 119 6 3
6 20 120 6 3
6 20 121 6 3
6 20 122 6 3
6 20 95 6 4
6 20 49 6 5
6 20 50 6 5
6 20 51 6 5
6 20 52 6 5
6 20 53 6 5
6 20 54 6 5
6 20 55 6 5
6 20 56 6 5
6 20 57 6 5
6 20 48 6 6
6 21 65 6 3
6 21 66 6 3
6 21 67 6 3
6 21 68 6 3
6 21 69 6 3
6 21 70 6 3
6 21 71 6 3
6 21 72 6 3
6 21 73 6 3
6 21 74 6 3
6 21 75 6 3
6 21 76 6 3
6 21 77 6 3
6 21 78 6 3
6 21 79 6 3
6 21 80 6 3
6 21 81 6 3
6 21 82 6 3
6 21 83 6 3
6 21 84 6 3
6 21 85 6 3
6 21 86 6 3
6 21 87 6 3
6 21 88 6 3
6 21 89 6 3
6 21 90 6 3
6 21 97 6 3
6 21 98 6 3
6 21 99 6 3
6 21 100 6 3
6 21 101 6 3
6 21 102 6 3
6 21 103 6 3
6 21 104 6 3
6 21 105 6 3
6 21 106 6 3
6 21 107 6 3
6 21 108 6 3
6 21 109 6 3
6 21 110 6 3
6 21 111 6 3
6 21 112 6 3
6 21 113 6 3
6 21 114 6 3
6 21 115 6 3
6 21 116 6 3
6 21 117 6 3
6 21 118 6 3
6 21 119 6 3
6 21 120 6 3
6 21 121 6 3
6 21 122 6 3
6 21 95 6 4
6 21 49 6 5
6 21 50 6 5
6 21 51 6 5
6 21 52 6 5
6 21 53 6 5
6 21 54 6 5
6 21 55 6 5
6 21 56 6 5
6 21 57 6 5
6 21 48 6 6
6 22 65 6 3
6 22 66 6 3
6 22 67 6 3
6 22 68 6 3
6 22 69 6 3
6 22 70 6 3
6 22 71 6 3
6 22 72 6 3
6 22 73 6 3
6 22 74 6 3
6 22 75 6 3
6 22 76 6 3
6 22 77 6 3
6 22 78 6 3
6 22 79 6 3
6 22 80 6 3
6 22 81 6 3
6 22 82 6 3
6 22 83 6 3
6 22 84 6 3
6 22 85 6 3
6 22 86 6 3
6 22 87 6 3
6 22 88 6 3
6 22 89 6 3
6 22 90 6 3
6 22 97 6 3
6 22 98 6 3
6 22 99 6 3
6 22 100 6 3
6 22 101 6 25
6 22 102 6 3
6 22 103 6 3
6 22 104 6 3
6 22 105 6 3
6 22 106 6 3
6 22 107 6 3
6 22 108 6 3
6 22 109 6 3
6 22 110 6 3
6 22 111 6 3
6 22 112 6 3
6 22 113 6 3
6 22 114 6 3
6 22 115 6 3
6 22 116 6 3
6 22 117 6 3
6 22 118 6 3
6 22 119 6 3
6 22 120 6 3
6 22 121 6 3
6 22 122 6 3
6 22 95 6 4
6 22 49 6 5
6 22 50 6 5
6 22 51 6 5
6 22 52 6 5
6 22 53 6 5
6 22 54 6 5
6 22 55 6 5
6 22 56 6 5
6 22 57 6 5
6 22 48 6 6
6 23 65 6 3
6 23 66 6 3
6 23 67 6 3
6 23 68 6 3
6 23 69 6 3
6 23 70 6 3
6 23 71 6 3
6 23 72 6 3
6 23 73 6 3
6 23 74 6 3
6 23 75 6 3
6 23 76 6 3
6 23 77 6 3
6 23 78 6 3
6 23 79 6 3
6 23 80 6 3
6 23 81 6 3
6 23 82 6 3
6 23 83 6 3
6 23 84 6 3
6 23 85 6 3
6 23 86 6 3
6 23 87 6 3
6 23 88 6 3
6 23 89 6 3
6 23 90 6 3
6 23 97 6 3
6 23 98 6 3
6 23 99 6 3
6 23 100 6 3
6 23 101 6 3
6 23 102 6 3
6 23 103 6 3
6 23 104 6 3
6 23 105 6 3
6 23 106 6 3
6 23 107 6 3
6 23 108 6 3
6 23 109 6 3
6 23 110 6 3
6 23 111 6 3
6 23 112 6 3
6 23 113 6 3
6 23 114 6 3
6 23 115 6 26
6 23 116 6 3
6 23 117 6 3
6 23 118 6 3
6 23 119 6 3
6 23 120 6 3
6 23 121 6 3
6 23 122 6 3
6 23 95 6 4
6 23 49 6 5
6 23 50 6 5
6 23 51 6 5
6 23 52 6 5
6 23 53 6 5
6 23 54 6 5
6 23 55 6 5
6 23 56 6 5
6 23 57 6 5
6 23 48 6 6
6 24 65 6 3
6 24 66 6 3
6 24 67 6 3
6 24 68 6 3
6 24 69 6 3
6 24 70 6 3
6 24 71 6 3
6 24 72 6 3
6 24 73 6 3
6 24 74 6 3
6 24 75 6 3
6 24 76 6 3
6 24 77 6 3
6 24 78 6 3
6 24 79 6 3
6 24 80 6 3
6 24 81 6 3
6 24 82 6 3
6 24 83 6 3
6 24 84 6 3
6 24 85 6 3
6 24 86 6 3
6 24 87 6 3
6 24 88 6 3
6 24 89 6 3
6 24 90 6 3
6 24 97 6 3
6 24 98 6 3
6 24 99 6 3
6 24 100 6 3
6 24 101 6 3
6 24 102 6 3
6 24 103 6 3
6 24 104 6 3
6 24 105 6 3
6 24 106 6 3
6 24 107 6 3
6 24 108 6 3
6 24 109 6 3
6 24 110 6 3
6 24 111 6 3
6 24 112 6 3
6 24 113 6 3
6 24 114 6 27
6 24 115 6 3
6 24 116 6 3
6 24 117 6 3
6 24 118 6 3
6 24 119 6 3
6 24 120 6 3
6 24 121 6 3
6 24 122 6 3
6 24 95 6 4
6 24 49 6 5
6 24 50 6 5
6 24 51 6 5
6 24 52 6 5
6 24 53 6 5
6 24 54 6 5
6 24 55 6 5
6 24 56 6 5
6 24 57 6 5
6 24 48 6 6
6 25 65 6 3
6 25 66 6 3
6 25 67 6 3
6 25 68 6 3
6 25 69 6 3
6 25 70 6 3
6 25 71 6 3
6 25 72 6 3
6 25 73 6 3
6 25 74 6 3
6 25 75 6 3
6 25 76 6 3
6 25 77 6 3
6 25 78 6 3
6 25 79 6 3
6 25 80 6 3
6 25 81 6 3
6 25 82 6 3
6 25 83 6 3
6 25 84 6 3
6 25 85 6 3
6 25 86 6 3
6 25 87 6 3
6 25 88 6 3
6 25 89 6 3
6 25 90 6 3
6 25 97 6 3
6 25 98 6 3
6 25 99 6 3
6 25 100 6 3
6 25 101 6 3
6 25 102 6 3
6 25 103 6 3
6 25 104 6 3
6 25 105 6 3
6 25 106 6 3
6 25 107 6 3
6 25 108 6 3
6 25 109 6 3
6 25 110 6 3
6 25 111 6 3
6 25 112 6 3
6 25 113 6 3
6 25 114 6 3
6 25 115 6 3
6 25 116 6 3
6 25 117 6 3
6 25 118 6 3
6 25 119 6 3
6 25 120 6 3
6 25 121 6 3
6 25 122 6 3
6 25 95 6 4
6 25 49 6 5
6 25 50 6 5
6 25 51 6 5
6 25 52 6 5
6 25 53 6 5
6 25 54 6 5
6 25 55 6 5
6 25 56 6 5
6 25 57 6 5
6 25 48 6 6
6 26 65 6 3
6 26 66 6 3
6 26 67 6 3
6 26 68 6 3
6 26 69 6 3
6 26 70 6 3
6 26 71 6 3
6 26 72 6 3
6 26 73 6 3
6 26 74 6 3
6 26 75 6 3
6 26 76 6 3
6 26 77 6 3
6 26 78 6 3
6 26 79 6 3
6 26 80 6 3
6 26 81 6 3
6 26 82 6 3
6 26 83 6 3
6 26 84 6 3
6 26 85 6 3
6 26 86 6 3
6 26 87 6 3
6 26 88 6 3
6 26 89 6 3
6 26 90 6 3
6 26 97 6 3
6 26 98 6 3
6 26 99 6 3
6 26 100 6 3
6 26 101 6 3
6 26 102 6 3
6 26 103 6 3
6 26 104 6 3
6 26 105 6 3
6 26 106 6 3
6 26 107 6 3
6 26 108 6 3
6 26 109 6 3
6 26 110 6 3
6 26 111 6 3
6 26 112 6 3
6 26 113 6 3
6 26 114 6 3
6 26 115 6 3
6 26 116 6 3
6 26 117 6 3
6 26 118 6 3
6 26 119 6 3
6 26 120 6 3
6 26 121 6 3
6 26 122 6 3
6 26 95 6 4
6 26 49 6 5
6 26 50 6 5
6 26 51 6 5
6 26 52 6 5
6 26 53 6 5
6 26 54 6 5
6 26 55 6 5
6 26 56 6 5
6 26 57 6 5
6 26 48 6 6
6 27 65 6 3
6 27 66 6 3
6 27 67 6 3
6 27 68 6 3
6 27 69 6 3
6 27 70 6 3
6 27 71 6 3
6 27 72 6 3
6 27 73 6 3
6 27 74 6 3
6 27 75 6 3
6 27 76 6 3
6 27 77 6 3
6 27 78 6 3
6 27 79 6 3
6 27 80 6 3
6 27 81 6 3
6 27 82 6 3
6 27 83 6 3
6 27 84 6 3
6 27 85 6 3
6 27 86 6 3
6 27 87 6 3
6 27 88 6 3
6 27 89 6 3
6 27 90 6 3
6 27 97 6 3
6 27 98 6 3
6 27 99 6 3
6 27 100 6 3
6 27 101 6 3
6 27 102 6 3
6 27 103 6 3
6 27 104 6 3
6 27 105 6 3
6 27 106 6 3
6 27 107 6 3
6 27 108 6 3
6 27 109 6 3
6 27 110 6 28
6 27 111 6 3
6 27 112 6 3
6 27 113 6 3
6 27 114 6 3
6 27 115 6 3
6 27 116 6 3
6 27 117 6 3
6 27 118 6 3
6 27 119 6 3
6 27 120 6 3
6 27 121 6 3
6 27 122 6 3
6 27 95 6 4
6 27 49 6 5
6 27 50 6 5
6 27 51 6 5
6 27 52 6 5
6 27 53 6 5
6 27 54 6 5
6 27 55 6 5
6 27 56 6 5
6 27 57 6 5
6 27 48 6 6
6 28 65 6 3
6 28 66 6 3
6 28 67 6 3
6 28 68 6 3
6 28 69 6 3
6 28 70 6 3
6 28 71 6 3
6 28 72 6 3
6 28 73 6 3
6 28 74 6 3
6 28 75 6 3
6 28 76 6 3
6 28 77 6 3
6 28 78 6 3
6 28 79 6 3
6 28 80 6 3
6 28 81 6 3
6 28 82 6 3
6 28 83 6 3
6 28 84 6 3
6 28 85 6 3
6 28 86 6 3
6 28 87 6 3
6 28 88 6 3
6 28 89 6 3
6 28 90 6 3
6 28 97 6 3
6 28 98 6 3
6 28 99 6 3
6 28 100 6 3
6 28 101 6 3
6 28 102 6 3
6 28 103 6 3
6 28 104 6 3
6 28 105 6 3
6 28 106 6 3
6 28 107 6 3
6 28 108 6 3
6 28 109 6 3
6 28 110 6 3
6 28 111 6 3
6 28 112 6 3
6 28 113 6 3
6 28 114 6 3
6 28 115 6 3
6 28 116 6 3
6 28 117 6 3
6 28 118 6 3
6 28 119 6 3
6 28 120 6 3
6 28 121 6 3
6 28 122 6 3
6 28 95 6 4
6 28 49 6 5
6 28 50 6 5
6 28 51 6 5
6 28 52 6 5
6 28 53 6 5
6 28 54 6 5
6 28 55 6 5
6 28 56 6 5
6 28 57 6 5
6 28 48 6 6
6 29 65 6 3
6 29 66 6 3
6 29 67 6 3
6 29 68 6 3
6 29 69 6 3
6 29 70 6 3
6 29 71 6 3
6 29 72 6 3
6 29 73 6 3
6 29 74 6 3
6 29 75 6 3
6 29 76 6 3
6 29 77 6 3
6 29 78 6 3
6 29 79 6 3
6 29 80 6 3
6 29 81 6 3
6 29 82 6 3
6 29 83 6 3
6 29 84 6 3
6 29 85 6 3
6 29 86 6 3
6 29 87 6 3
6 29 88 6 3
6 29 89 6 3
6 29 90 6 3
6 29 97 6 3
6 29 98 6 3
6 29 99 6 3
6 29 100 6 3
6 29 101 6 3
6 29 102 6 3
6 29 103 6 3
6 29 104 6 3
6 29 105 6 3
6 29 106 6 3
6 29 107 6 3
6 29 108 6 3
6 29 109 6 3
6 29 110 6 3
6 29 111 6 3
6 29 112 6 3
6 29 113 6 3
6 29 114 6 30
6 29 115 6 3
6 29 116 6 3
6 29 117 6 3
6 29 118 6 3
6 29 119 6 3
6 29 120 6 3
6 29 121 6 3
6 29 122 6 3
6 29 95 6 4
6 29 49 6 5
6 29 50 6 5
6 29 51 6 5
6 29 52 6 5
6 29 53 6 5
6 29 54 6 5
6 29 55 6 5
6 29 56 6 5
6 29 57 6 5
6 29 48 6 6
6 30 65 6 3
6 30 66 6 3
6 30 67 6 3
6 30 68 6 3
6 30 69 6 3
6 30 70 6 3
6 30 71 6 3
6 30 72 6 3
6 30 73 6 3
6 30 74 6 3
6 30 75 6 3
6 30 76 6 3
6 30 77 6 3
6 30 78 6 3
6 30 79 6 3
6 30 80 6 3
6 30 81 6 3
6 30 82 6 3
6 30 83 6 3
6 30 84 6 3
6 30 85 6 3
6 30 86 6 3
6 30 87 6 3
6 30 88 6 3
6 30 89 6 3
6 30 90 6 3
6 30 97 6 3
6 30 98 6 3
6 30 99 6 3
6 30 100 6 3
6 30 101 6 3
6 30 102 6 3
6 30 103 6 3
6 30 104 6 3
6 30 105 6 3
6 30 106 6 3
6 30 107 6 3
6 30 108 6 3
6 30 109 6 3
6 30 110 6 3
6 30 111 6 3
6 30 112 6 3
6 30 113 6 3
6 30 114 6 3
6 30 115 6 3
6 30 116 6 3
6 30 117 6 31
6 30 118 6 3
6 30 119 6 3
6 30 120 6 3
6 30 121 6 3
6 30 122 6 3
6 30 95 6 4
6 30 49 6 5
6 30 50 6 5
6 30 51 6 5
6 30 52 6 5
6 30 53 6 5
6 30 54 6 5
6 30 55 6 5
6 30 56 6 5
6 30 57 6 5
6 30 48 6 6
6 31 65 6 3
6 31 66 6 3
6 31 67 6 3
6 31 68 6 3
6 31 69 6 3
6 31 70 6 3
6 31 71 6 3
6 31 72 6 3
6 31 73 6 3
6 31 74 6 3
6 31 75 6 3
6 31 76 6 3
6 31 77 6 3
6 31 78 6 3
6 31 79 6 3
6 31 80 6 3
6 31 81 6 3
6 31 82 6 3
6 31 83 6 3
6 31 84 6 3
6 31 85 6 3
6 31 86 6 3
6 31 87 6 3
6 31 88 6 3
6 31 89 6 3
6 31 90 6 3
6 31 97 6 3
6 31 98 6 3
6 31 99 6 3
6 31 100 6 3
6 31 101 6 32
6 31 102 6 3
6 31 103 6 3
6 31 104 6 3
6 31 105 6 3
6 31 106 6 3
6 31 107 6 3
6 31 108 6 3
6 31 109 6 3
6 31 110 6 3
6 31 111 6 3
6 31 112 6 3
6 31 113 6 3
6 31 114 6 3
6 31 115 6 3
6 31 116 6 3
6 31 117 6 3
6 31 118 6 3
6 31 119 6 3
6 31 120 6 3
6 31 121 6 3
6 31 122 6 3
6 31 95 6 4
6 31 49 6 5
6 31 50 6 5
6 31 51 6 5
6 31 52 6 5
6 31 53 6 5
6 31 54 6 5
6 31 55 6 5
6 31 56 6 5
6 31 57 6 5
6 31 48 6 6
6 32 65 6 3
6 32 66 6 3
6 32 67 6 3
6 32 68 6 3
6 32 69 6 3
6 32 70 6 3
6 32 71 6 3
6 32 72 6 3
6 32 73 6 3
6 32 74 6 3
6 32 75 6 3
6 32 76 6 3
6 32 77 6 3
6 32 78 6 3
6 32 79 6 3
6 32 80 6 3
6 32 81 6 3
6 32 82 6 3
6 32 83 6 3
6 32 84 6 3
6 32 85 6 3
6 32 86 6 3
6 32 87 6 3
6 32 88 6 3
6 32 89 6 3
6 32 90 6 3
6 32 97 6 3
6 32 98 6 3
6 32 99 6 3
6 32 100 6 3
6 32 101 6 3
6 32 102 6 3
6 32 103 6 3
6 32 104 6 3
6 32 105 6 3
6 32 106 6 3
6 32 107 6 3
6 32 108 6 3
6 32 109 6 3
6 32 110 6 3
6 32 111 6 3
6 32 112 6 3
6 32 113 6 3
6 32 114 6 3
6 32 115 6 3
6 32 116 6 3
6 32 117 6 3
6 32 118 6 3
6 32 119 6 3
6 32 120 6 3
6 32 121 6 3
6 32 122 6 3
6 32 95 6 4
6 32 49 6 5
6 32 50 6 5
6 32 51 6 5
6 32 52 6 5
6 32 53 6 5
6 32 54 6 5
6 32 55 6 5
6 32 56 6 5
6 32 57 6 5
6 32 48 6 6
6 33 65 6 3
6 33 66 6 3
6 33 67 6 3
6 33 68 6 3
6 33 69 6 3
6 33 70 6 3
6 33 71 6 3
6 33 72 6 3
6 33 73 6 3
6 33 74 6 3
6 33 75 6 3
6 33 76 6 3
6 33 77 6 3
6 33 78 6 3
6 33 79 6 3
6 33 80 6 3
6 33 81 6 3
6 33 82 6 3
6 33 83 6 3
6 33 84 6 3
6 33 85 6 3
6 33 86 6 3
6 33 87 6 3
6 33 88 6 3
6 33 89 6 3
6 33 90 6 3
6 33 97 6 34
6 33 98 6 3
6 33 99 6 3
6 33 100 6 3
6 33 101 6 3
6 33 102 6 3
6 33 103 6 3
6 33 104 6 3
6 33 105 6 3
6 33 106 6 3
6 33 107 6 3
6 33 108 6 3
6 33 109 6 3
6 33 110 6 3
6 33 111 6 3
6 33 112 6 3
6 33 113 6 3
6 33 114 6 3
6 33 115 6 3
6 33 116 6 3
6 33 117 6 3
6 33 118 6 3
6 33 119 6 3
6 33 120 6 3
6 33 121 6 3
6 33 122 6 3
6 33 95 6 4
6 33 49 6 5
6 33 50 6 5
6 33 51 6 5
6 33 52 6 5
6 33 53 6 5
6 33 54 6 5
6 33 55 6 5
6 33 56 6 5
6 33 57 6 5
6 33 48 6 6
6 34 65 6 3
6 34 66 6 3
6 34 67 6 3
6 34 68 6 3
6 34 69 6 3
6 34 70 6 3
6 34 71 6 3
6 34 72 6 3
6 34 73 6 3
6 34 74 6 3
6 34 75 6 3
6 34 76 6 3
6 34 77 6 3
6 34 78 6 3
6 34 79 6 3
6 34 80 6 3
6 34 81 6 3
6 34 82 6 3
6 34 83 6 3
6 34 84 6 3
6 34 85 6 3
6 34 86 6 3
6 34 87 6 3
6 34 88 6 3
6 34 89 6 3
6 34 90 6 3
6 34 97 6 3
6 34 98 6 3
6 34 99 6 3
6 34 100 6 3
6 34 101 6 3
6 34 102 6 3
6 34 103 6 3
6 34 104 6 3
6 34 105 6 3
6 34 106 6 3
6 34 107 6 3
6 34 108 6 35
6 34 109 6 3
6 34 110 6 3
6 34 111 6 3
6 34 112 6 3
6 34 113 6 3
6 34 114 6 3
6 34 115 6 3
6 34 116 6 3
6 34 117 6 3
6 34 118 6 3
6 34 119 6 3
6 34 120 6 3
6 34 121 6 3
6 34 122 6 3
6 34 95 6 4
6 34 49 6 5
6 34 50 6 5
6 34 51 6 5
6 34 52 6 5
6 34 53 6 5
6 34 54 6 5
6 34 55 6 5
6 34 56 6 5
6 34 57 6 5
6 34 48 6 6
6 35 65 6 3
6 35 66 6 3
6 35 67 6 3
6 35 68 6 3
6 35 69 6 3
6 35 70 6 3
6 35 71 6 3
6 35 72 6 3
6 35 73 6 3
6 35 74 6 3
6 35 75 6 3
6 35 76 6 3
6 35 77 6 3
6 35 78 6 3
6 35 79 6 3
6 35 80 6 3
6 35 81 6 3
6 35 82 6 3
6 35 83 6 3
6 35 84 6 3
6 35 85 6 3
6 35 86 6 3
6 35 87 6 3
6 35 88 6 3
6 35 89 6 3
6 35 90 6 3
6 35 97 6 3
6 35 98 6 3
6 35 99 6 3
6 35 100 6 3
6 35 101 6 3
6 35 102 6 3
6 35 103 6 3
6 35 104 6 3
6 35 105 6 3
6 35 106 6 3
6 35 107 6 3
6 35 108 6 3
6 35 109 6 3
6 35 110 6 3
6 35 111 6 3
6 35 112 6 3
6 35 113 6 3
6 35 114 6 3
6 35 115 6 36
6 35 116 6 3
6 35 117 6 3
6 35 118 6 3
6 35 119 6 3
6 35 120 6 3
6 35 121 6 3
6 35 122 6 3
6 35 95 6 4
6 35 49 6 5
6 35 50 6 5
6 35 51 6 5
6 35 52 6 5
6 35 53 6 5
6 35 54 6 5
6 35 55 6 5
6 35 56 6 5
6 35 57 6 5
6 35 48 6 6
6 36 65 6 3
6 36 66 6 3
6 36 67 6 3
6 36 68 6 3
6 36 69 6 3
6 36 70 6 3
6 36 71 6 3
6 36 72 6 3
6 36 73 6 3
6 36 74 6 3
6 36 75 6 3
6 36 76 6 3
6 36 77 6 3
6 36 78 6 3
6 36 79 6 3
6 36 80 6 3
6 36 81 6 3
6 36 82 6 3
6 36 83 6 3
6 36 84 6 3
6 36 85 6 3
6 36 86 6 3
6 36 87 6 3
6 36 88 6 3
6 36 89 6 3
6 36 90 6 3
6 36 97 6 3
6 36 98 6 3
6 36 99 6 3
6 36 100 6 3
6 36 101 6 37
6 36 102 6 3
6 36 103 6 3
6 36 104 6 3
6 36 105 6 3
6 36 106 6 3
6 36 107 6 3
6 36 108 6 3
6 36 109 6 3
6 36 110 6 3
6 36 111 6 3
6 36 112 6 3
6 36 113 6 3
6 36 114 6 3
6 36 115 6 3
6 36 116 6 3
6 36 117 6 3
6 36 118 6 3
6 36 119 6 3
6 36 120 6 3
6 36 121 6 3
6 36 122 6 3
6 36 95 6 4
6 36 49 6 5
6 36 50 6 5
6 36 51 6 5
6 36 52 6 5
6 36 53 6 5
6 36 54 6 5
6 36 55 6 5
6 36 56 6 5
6 36 57 6 5
6 36 48 6 6
6 37 65 6 3
6 37 66 6 3
6 37 67 6 3
6 37 68 6 3
6 37 69 6 3
6 37 70 6 3
6 37 71 6 3
6 37 72 6 3
6 37 73 6 3
6 37 74 6 3
6 37 75 6 3
6 37 76 6 3
6 37 77 6 3
6 37 78 6 3
6 37 79 6 3
6 37 80 6 3
6 37 81 6 3
6 37 82 6 3
6 37 83 6 3
6 37 84 6 3
6 37 85 6 3
6 37 86 6 3
6 37 87 6 3
6 37 88 6 3
6 37 89 6 3
6 37 90 6 3
6 37 97 6 3
6 37 98 6 3
6 37 99 6 3
6 37 100 6 3
6 37 101 6 3
6 37 102 6 3
6 37 103 6 3
6 37 104 6 3
6 37 105 6 3
6 37 106 6 3
6 37 107 6 3
6 37 108 6 3
6 37 109 6 3
6 37 110 6 3
6 37 111 6 3
6 37 112 6 3
6 37 113 6 3
6 37 114 6 3
6 37 115 6 3
6 37 116 6 3
6 37 117 6 3
6 37 118 6 3
6 37 119 6 3
6 37 120 6 3
6 37 121 6 3
6 37 122 6 3
6 37 95 6 4
6 37 49 6 5
6 37 50 6 5
6 37 51 6 5
6 37 52 6 5
6 37 53 6 5
6 37 54 6 5
6 37 55 6 5
6 37 56 6 5
6 37 57 6 5
6 37 48 6 6
11 2 61 11 6
11 1 61 11 5
11 3 61 11 7
11 4 61 11 8
1 0 32 13 1
1 0 9 13 1
1 0 10 13 1
13 1 32 13 1
13 1 9 13 1
13 1 10 13 1
1 0 45 4 2
1 0 48 4 1
1 0 49 4 3
1 0 50 4 3
1 0 51 4 3
1 0 52 4 3
1 0 53 4 3
1 0 54 4 3
1 0 55 4 3
1 0 56 4 3
1 0 57 4 3
4 2 49 4 3
4 2 50 4 3
4 2 51 4 3
4 2 52 4 3
4 2 53 4 3
4 2 54 4 3
4 2 55 4 3
4 2 56 4 3
4 2 57 4 3
4 3 48 4 5
4 3 49 4 4
4 3 50 4 4
4 3 51 4 4
4 3 52 4 4
4 3 53 4 4
4 3 54 4 4
4 3 55 4 4
4 3 56 4 4
4 3 57 4 4
4 4 48 4 5
4 4 49 4 4
4 4 50 4 4
4 4 51 4 4
4 4 52 4 4
4 4 53 4 4
4 4 54 4 4
4 4 55 4 4
4 4 56 4 4
4 4 57 4 4
4 5 48 4 5
4 5 49 4 4
4 5 50 4 4
4 5 51 4 4
4 5 52 4 4
4 5 53 4 4
4 5 54 4 4
4 5 55 4 4
4 5 56 4 4
4 5 57 4 4
6 38 65 6 3
6 38 66 6 3
6 38 67 6 3
6 38 68 6 3
6 38 69 6 3
6 38 70 6 3
6 38 71 6 3
6 38 72 6 3
6 38 73 6 3
6 38 74 6 3
6 38 75 6 3
6 38 76 6 3
6 38 77 6 3
6 38 78 6 3
6 38 79 6 3
6 38 80 6 3
6 38 81 6 3
6 38 82 6 3
6 38 83 6 3
6 38 84 6 3
6 38 85 6 3
6 38 86 6 3
6 38 87 6 3
6 38 88 6 3
6 38 89 6 3
6 38 90 6 3
6 38 97 6 3
6 38 98 6 3
6 38 99 6 3
6 38 100 6 3
6 38 101 6 3
6 38 102 6 3
6 38 103 6 3
6 38 104 6 3
6 38 105 6 3
6 38 106 6 3
6 38 107 6 3
6 38 108 6 3
6 38 109 6 3
6 38 110 6 3
6 38 111 6 3
6 38 112 6 3
6 38 113 6 3
6 38 114 6 3
6 38 115 6 3
6 38 116 6 39
6 38 117 6 3
6 38 118 6 3
6 38 119 6 3
6 38 120 6 3
6 38 121 6 3
6 38 122 6 3
6 38 95 6 4
6 38 49 6 5
6 38 50 6 5
6 38 51 6 5
6 38 52 6 5
6 38 53 6 5
6 38 54 6 5
6 38 55 6 5
6 38 56 6 5
6 38 57 6 5
6 38 48 6 6
6 39 65 6 3
6 39 66 6 3
6 39 67 6 3
6 39 68 6 3
6 39 69 6 3
6 39 70 6 3
6 39 71 6 3
6 39 72 6 3
6 39 73 6 3
6 39 74 6 3
6 39 75 6 3
6 39 76 6 3
6 39 77 6 3
6 39 78 6 3
6 39 79 6 3
6 39 80 6 3
6 39 81 6 3
6 39 82 6 3
6 39 83 6 3
6 39 84 6 3
6 39 85 6 3
6 39 86 6 3
6 39 87 6 3
6 39 88 6 3
6 39 89 6 3
6 39 90 6 3
6 39 97 6 3
6 39 98 6 3
6 39 99 6 3
6 39 100 6 3
6 39 101 6 3
6 39 102 6 3
6 39 103 6 3
6 39 104 6 3
6 39 105 6 3
6 39 106 6 3
6 39 107 6 3
6 39 108 6 3
6 39 109 6 3
6 39 110 6 3
6 39 111 6 3
6 39 112 6 3
6 39 113 6 3
6 39 114 6 3
6 39 115 6 3
6 39 116 6 3
6 39 117 6 3
6 39 118 6 3
6 39 119 6 3
6 39 120 6 3
6 39 121 6 3
6 39 122 6 3
6 39 95 6 4
6 39 49 6 5
6 39 50 6 5
6 39 51 6 5
6 39 52 6 5
6 39 53 6 5
6 39 54 6 5
6 39 55 6 5
6 39 56 6 5
6 39 57 6 5
6 39 48 6 6
6 40 65 6 3
6 40 66 6 3
6 40 67 6 3
6 40 68 6 3
6 40 69 6 3
6 40 70 6 3
6 40 71 6 3
6 40 72 6 3
6 40 73 6 3
6 40 74 6 3
6 40 75 6 3
6 40 76 6 3
6 40 77 6 3
6 40 78 6 3
6 40 79 6 3
6 40 80 6 3
6 40 81 6 3
6 40 82 6 3
6 40 83 6 3
6 40 84 6 3
6 40 85 6 3
6 40 86 6 3
6 40 87 6 3
6 40 88 6 3
6 40 89 6 3
6 40 90 6 3
6 40 97 6 41
6 40 98 6 3
6 40 99 6 3
6 40 100 6 3
6 40 101 6 3
6 40 102 6 3
6 40 103 6 3
6 40 104 6 3
6 40 105 6 3
6 40 106 6 3
6 40 107 6 3
6 40 108 6 3
6 40 109 6 3
6 40 110 6 3
6 40 111 6 3
6 40 112 6 3
6 40 113 6 3
6 40 114 6 3
6 40 115 6 3
6 40 116 6 3
6 40 117 6 3
6 40 118 6 3
6 40 119 6 3
6 40 120 6 3
6 40 121 6 3
6 40 122 6 3
6 40 95 6 4
6 40 49 6 5
6 40 50 6 5
6 40 51 6 5
6 40 52 6 5
6 40 53 6 5
6 40 54 6 5
6 40 55 6 5
6 40 56 6 5
6 40 57 6 5
6 40 48 6 6
6 41 65 6 3
6 41 66 6 3
6 41 67 6 3
6 41 68 6 3
6 41 69 6 3
6 41 70 6 3
6 41 71 6 3
6 41 72 6 3
6 41 73 6 3
6 41 74 6 3
6 41 75 6 3
6 41 76 6 3
6 41 77 6 3
6 41 78 6 3
6 41 79 6 3
6 41 80 6 3
6 41 81 6 3
6 41 82 6 3
6 41 83 6 3
6 41 84 6 3
6 41 85 6 3
6 41 86 6 3
6 41 87 6 3
6 41 88 6 3
6 41 89 6 3
6 41 90 6 3
6 41 97 6 3
6 41 98 6 3
6 41 99 6 3
6 41 100 6 3
6 41 101 6 3
6 41 102 6 3
6 41 103 6 3
6 41 104 6 3
6 41 105 6 3
6 41 106 6 3
6 41 107 6 3
6 41 108 6 3
6 41 109 6 3
6 41 110 6 3
6 41 111 6 3
6 41 112 6 3
6 41 113 6 3
6 41 114 6 42
6 41 115 6 3
6 41 116 6 3
6 41 117 6 3
6 41 118 6 3
6 41 119 6 3
6 41 120 6 3
6 41 121 6 3
6 41 122 6 3
6 41 95 6 4
6 41 49 6 5
6 41 50 6 5
6 41 51 6 5
6 41 52 6 5
6 41 53 6 5
6 41 54 6 5
6 41 55 6 5
6 41 56 6 5
6 41 57 6 5
6 41 48 6 6
6 42 65 6 3
6 42 66 6 3
6 42 67 6 3
6 42 68 6 3
6 42 69 6 3
6 42 70 6 3
6 42 71 6 3
6 42 72 6 3
6 42 73 6 3
6 42 74 6 3
6 42 75 6 3
6 42 76 6 3
6 42 77 6 3
6 42 78 6 3
6 42 79 6 3
6 42 80 6 3
6 42 81 6 3
6 42 82 6 3
6 42 83 6 3
6 42 84 6 3
6 42 85 6 3
6 42 86 6 3
6 42 87 6 3
6 42 88 6 3
6 42 89 6 3
6 42 90 6 3
6 42 97 6 3
6 42 98 6 3
6 42 99 6 3
6 42 100 6 3
6 42 101 6 3
6 42 102 6 3
6 42 103 6 3
6 42 104 6 3
6 42 105 6 3
6 42 106 6 3
6 42 107 6 3
6 42 108 6 3
6 42 109 6 3
6 42 110 6 3
6 42 111 6 3
6 42 112 6 3
6 42 113 6 3
6 42 114 6 3
6 42 115 6 3
6 42 116 6 3
6 42 117 6 3
6 42 118 6 3
6 42 119 6 3
6 42 120 6 3
6 42 121 6 3
6 42 122 6 3
6 42 95 6 4
6 42 49 6 5
6 42 50 6 5
6 42 51 6 5
6 42 52 6 5
6 42 53 6 5
6 42 54 6 5
6 42 55 6 5
6 42 56 6 5
6 42 57 6 5
6 42 48 6 6
6 43 65 6 3
6 43 66 6 3
6 43 67 6 3
6 43 68 6 3
6 43 69 6 3
6 43 70 6 3
6 43 71 6 3
6 43 72 6 3
6 43 73 6 3
6 43 74 6 3
6 43 75 6 3
6 43 76 6 3
6 43 77 6 3
6 43 78 6 3
6 43 79 6 3
6 43 80 6 3
6 43 81 6 3
6 43 82 6 3
6 43 83 6 3
6 43 84 6 3
6 43 85 6 3
6 43 86 6 3
6 43 87 6 3
6 43 88 6 3
6 43 89 6 3
6 43 90 6 3
6 43 97 6 3
6 43 98 6 3
6 43 99 6 3
6 43 100 6 3
6 43 101 6 3
6 43 102 6 3
6 43 103 6 3
6 43 104 6 3
6 43 105 6 3
6 43 106 6 3
6 43 107 6 3
6 43 108 6 3
6 43 109 6 3
6 43 110 6 3
6 43 111 6 44
6 43 112 6 3
6 43 113 6 3
6 43 114 6 3
6 43 115 6 3
6 43 116 6 3
6 43 117 6 3
6 43 118 6 3
6 43 119 6 3
6 43 120 6 3
6 43 121 6 3
6 43 122 6 3
6 43 95 6 4
6 43 49 6 5
6 43 50 6 5
6 43 51 6 5
6 43 52 6 5
6 43 53 6 5
6 43 54 6 5
6 43 55 6 5
6 43 56 6 5
6 43 57 6 5
6 43 48 6 6
6 44 65 6 3
6 44 66 6 3
6 44 67 6 3
6 44 68 6 3
6 44 69 6 3
6 44 70 6 3
6 44 71 6 3
6 44 72 6 3
6 44 73 6 3
6 44 74 6 3
6 44 75 6 3
6 44 76 6 3
6 44 77 6 3
6 44 78 6 3
6 44 79 6 3
6 44 80 6 3
6 44 81 6 3
6 44 82 6 3
6 44 83 6 3
6 44 84 6 3
6 44 85 6 3
6 44 86 6 3
6 44 87 6 3
6 44 88 6 3
6 44 89 6 3
6 44 90 6 3
6 44 97 6 3
6 44 98 6 3
6 44 99 6 3
6 44 100 6 3
6 44 101 6 3
6 44 102 6 3
6 44 103 6 3
6 44 104 6 3
6 44 105 6 3
6 44 106 6 3
6 44 107 6 3
6 44 108 6 3
6 44 109 6 3
6 44 110 6 3
6 44 111 6 45
6 44 112 6 3
6 44 113 6 3
6 44 114 6 3
6 44 115 6 3
6 44 116 6 3
6 44 117 6 3
6 44 118 6 3
6 44 119 6 3
6 44 120 6 3
6 44 121 6 3
6 44 122 6 3
6 44 95 6 4
6 44 49 6 5
6 44 50 6 5
6 44 51 6 5
6 44 52 6 5
6 44 53 6 5
6 44 54 6 5
6 44 55 6 5
6 44 56 6 5
6 44 57 6 5
6 44 48 6 6
6 45 65 6 3
6 45 66 6 3
6 45 67 6 3
6 45 68 6 3
6 45 69 6 3
6 45 70 6 3
6 45 71 6 3
6 45 72 6 3
6 45 73 6 3
6 45 74 6 3
6 45 75 6 3
6 45 76 6 3
6 45 77 6 3
6 45 78 6 3
6 45 79 6 3
6 45 80 6 3
6 45 81 6 3
6 45 82 6 3
6 45 83 6 3
6 45 84 6 3
6 45 85 6 3
6 45 86 6 3
6 45 87 6 3
6 45 88 6 3
6 45 89 6 3
6 45 90 6 3
6 45 97 6 3
6 45 98 6 3
6 45 99 6 3
6 45 100 6 3
6 45 101 6 3
6 45 102 6 3
6 45 103 6 3
6 45 104 6 3
6 45 105 6 3
6 45 106 6 3
6 45 107 6 3
6 45 108 6 46
6 45 109 6 3
6 45 110 6 3
6 45 111 6 3
6 45 112 6 3
6 45 113 6 3
6 45 114 6 3
6 45 115 6 3
6 45 116 6 3
6 45 117 6 3
6 45 118 6 3
6 45 119 6 3
6 45 120 6 3
6 45 121 6 3
6 45 122 6 3
6 45 95 6 4
6 45 49 6 5
6 45 50 6 5
6 45 51 6 5
6 45 52 6 5
6 45 53 6 5
6 45 54 6 5
6 45 55 6 5
6 45 56 6 5
6 45 57 6 5
6 45 48 6 6
6 46 65 6 3
6 46 66 6 3
6 46 67 6 3
6 46 68 6 3
6 46 69 6 3
6 46 70 6 3
6 46 71 6 3
6 46 72 6 3
6 46 73 6 3
6 46 74 6 3
6 46 75 6 3
6 46 76 6 3
6 46 77 6 3
6 46 78 6 3
6 46 79 6 3
6 46 80 6 3
6 46 81 6 3
6 46 82 6 3
6 46 83 6 3
6 46 84 6 3
6 46 85 6 3
6 46 86 6 3
6 46 87 6 3
6 46 88 6 3
6 46 89 6 3
6 46 90 6 3
6 46 97 6 3
6 46 98 6 3
6 46 99 6 3
6 46 100 6 3
6 46 101 6 47
6 46 102 6 3
6 46 103 6 3
6 46 104 6 3
6 46 105 6 3
6 46 106 6 3
6 46 107 6 3
6 46 108 6 3
6 46 109 6 3
6 46 110 6 3
6 46 111 6 3
6 46 112 6 3
6 46 113 6 3
6 46 114 6 3
6 46 115 6 3
6 46 116 6 3
6 46 117 6 3
6 46 118 6 3
6 46 119 6 3
6 46 120 6 3
6 46 121 6 3
6 46 122 6 3
6 46 95 6 4
6 46 49 6 5
6 46 50 6 5
6 46 51 6 5
6 46 52 6 5
6 46 53 6 5
6 46 54 6 5
6 46 55 6 5
6 46 56 6 5
6 46 57 6 5
6 46 48 6 6
6 47 65 6 3
6 47 66 6 3
6 47 67 6 3
6 47 68 6 3
6 47 69 6 3
6 47 70 6 3
6 47 71 6 3
6 47 72 6 3
6 47 73 6 3
6 47 74 6 3
6 47 75 6 3
6 47 76 6 3
6 47 77 6 3
6 47 78 6 3
6 47 79 6 3
6 47 80 6 3
6 47 81 6 3
6 47 82 6 3
6 47 83 6 3
6 47 84 6 3
6 47 85 6 3
6 47 86 6 3
6 47 87 6 3
6 47 88 6 3
6 47 89 6 3
6 47 90 6 3
6 47 97 6 48
6 47 98 6 3
6 47 99 6 3
6 47 100 6 3
6 47 101 6 3
6 47 102 6 3
6 47 103 6 3
6 47 104 6 3
6 47 105 6 3
6 47 106 6 3
6 47 107 6 3
6 47 108 6 3
6 47 109 6 3
6 47 110 6 3
6 47 111 6 3
6 47 112 6 3
6 47 113 6 3
6 47 114 6 3
6 47 115 6 3
6 47 116 6 3
6 47 117 6 3
6 47 118 6 3
6 47 119 6 3
6 47 120 6 3
6 47 121 6 3
6 47 122 6 3
6 47 95 6 4
6 47 49 6 5
6 47 50 6 5
6 47 51 6 5
6 47 52 6 5
6 47 53 6 5
6 47 54 6 5
6 47 55 6 5
6 47 56 6 5
6 47 57 6 5
6 47 48 6 6
6 48 65 6 3
6 48 66 6 3
6 48 67 6 3
6 48 68 6 3
6 48 69 6 3
6 48 70 6 3
6 48 71 6 3
6 48 72 6 3
6 48 73 6 3
6 48 74 6 3
6 48 75 6 3
6 48 76 6 3
6 48 77 6 3
6 48 78 6 3
6 48 79 6 3
6 48 80 6 3
6 48 81 6 3
6 48 82 6 3
6 48 83 6 3
6 48 84 6 3
6 48 85 6 3
6 48 86 6 3
6 48 87 6 3
6 48 88 6 3
6 48 89 6 3
6 48 90 6 3
6 48 97 6 3
6 48 98 6 3
6 48 99 6 3
6 48 100 6 3
6 48 101 6 3
6 48 102 6 3
6 48 103 6 3
6 48 104 6 3
6 48 105 6 3
6 48 106 6 3
6 48 107 6 3
6 48 108 6 3
6 48 109 6 3
6 48 110 6 49
6 48 111 6 3
6 48 112 6 3
6 48 113 6 3
6 48 114 6 3
6 48 115 6 3
6 48 116 6 3
6 48 117 6 3
6 48 118 6 3
6 48 119 6 3
6 48 120 6 3
6 48 121 6 3
6 48 122 6 3
6 48 95 6 4
6 48 49 6 5
6 48 50 6 5
6 48 51 6 5
6 48 52 6 5
6 48 53 6 5
6 48 54 6 5
6 48 55 6 5
6 48 56 6 5
6 48 57 6 5
6 48 48 6 6
6 49 65 6 3
6 49 66 6 3
6 49 67 6 3
6 49 68 6 3
6 49 69 6 3
6 49 70 6 3
6 49 71 6 3
6 49 72 6 3
6 49 73 6 3
6 49 74 6 3
6 49 75 6 3
6 49 76 6 3
6 49 77 6 3
6 49 78 6 3
6 49 79 6 3
6 49 80 6 3
6 49 81 6 3
6 49 82 6 3
6 49 83 6 3
6 49 84 6 3
6 49 85 6 3
6 49 86 6 3
6 49 87 6 3
6 49 88 6 3
6 49 89 6 3
6 49 90 6 3
6 49 97 6 3
6 49 98 6 3
6 49 99 6 3
6 49 100 6 3
6 49 101 6 3
6 49 102 6 3
6 49 103 6 3
6 49 104 6 3
6 49 105 6 3
6 49 106 6 3
6 49 107 6 3
6 49 108 6 3
6 49 109 6 3
6 49 110 6 3
6 49 111 6 3
6 49 112 6 3
6 49 113 6 3
6 49 114 6 3
6 49 115 6 3
6 49 116 6 3
6 49 117 6 3
6 49 118 6 3
6 49 119 6 3
6 49 120 6 3
6 49 121 6 3
6 49 122 6 3
6 49 95 6 4
6 49 49 6 5
6 49 50 6 5
6 49 51 6 5
6 49 52 6 5
6 49 53 6 5
6 49 54 6 5
6 49 55 6 5
6 49 56 6 5
6 49 57 6 5
6 49 48 6 6
6 50 65 6 3
6 50 66 6 3
6 50 67 6 3
6 50 68 6 3
6 50 69 6 3
6 50 70 6 3
6 50 71 6 3
6 50 72 6 3
6 50 73 6 3
6 50 74 6 3
6 50 75 6 3
6 50 76 6 3
6 50 77 6 3
6 50 78 6 3
6 50 79 6 3
6 50 80 6 3
6 50 81 6 3
6 50 82 6 3
6 50 83 6 3
6 50 84 6 3
6 50 85 6 3
6 50 86 6 3
6 50 87 6 3
6 50 88 6 3
6 50 89 6 3
6 50 90 6 3
6 50 97 6 3
6 50 98 6 3
6 50 99 6 3
6 50 100 6 3
6 50 101 6 3
6 50 102 6 3
6 50 103 6 3
6 50 104 6 3
6 50 105 6 3
6 50 106 6 3
6 50 107 6 3
6 50 108 6 3
6 50 109 6 3
6 50 110 6 3
6 50 111 6 3
6 50 112 6 3
6 50 113 6 3
6 50 114 6 3
6 50 115 6 3
6 50 116 6 51
6 50 117 6 3
6 50 118 6 3
6 50 119 6 3
6 50 120 6 3
6 50 121 6 3
6 50 122 6 3
6 50 95 6 4
6 50 49 6 5
6 50 50 6 5
6 50 51 6 5
6 50 52 6 5
6 50 53 6 5
6 50 54 6 5
6 50 55 6 5
6 50 56 6 5
6 50 57 6 5
6 50 48 6 6
6 51 65 6 3
6 51 66 6 3
6 51 67 6 3
6 51 68 6 3
6 51 69 6 3
6 51 70 6 3
6 51 71 6 3
6 51 72 6 3
6 51 73 6 3
6 51 74 6 3
6 51 75 6 3
6 51 76 6 3
6 51 77 6 3
6 51 78 6 3
6 51 79 6 3
6 51 80 6 3
6 51 81 6 3
6 51 82 6 3
6 51 83 6 3
6 51 84 6 3
6 51 85 6 3
6 51 86 6 3
6 51 87 6 3
6 51 88 6 3
6 51 89 6 3
6 51 90 6 3
6 51 97 6 3
6 51 98 6 3
6 51 99 6 3
6 51 100 6 3
6 51 101 6 3
6 51 102 6 3
6 51 103 6 3
6 51 104 6 3
6 51 105 6 3
6 51 106 6 3
6 51 107 6 3
6 51 108 6 3
6 51 109 6 3
6 51 110 6 3
6 51 111 6 3
6 51 112 6 3
6 51 113 6 3
6 51 114 6 52
6 51 115 6 3
6 51 116 6 3
6 51 117 6 3
6 51 118 6 3
6 51 119 6 3
6 51 120 6 3
6 51 121 6 3
6 51 122 6 3
6 51 95 6 4
6 51 49 6 5
6 51 50 6 5
6 51 51 6 5
6 51 52 6 5
6 51 53 6 5
6 51 54 6 5
6 51 55 6 5
6 51 56 6 5
6 51 57 6 5
6 51 48 6 6
6 52 65 6 3
6 52 66 6 3
6 52 67 6 3
6 52 68 6 3
6 52 69 6 3
6 52 70 6 3
6 52 71 6 3
6 52 72 6 3
6 52 73 6 3
6 52 74 6 3
6 52 75 6 3
6 52 76 6 3
6 52 77 6 3
6 52 78 6 3
6 52 79 6 3
6 52 80 6 3
6 52 81 6 3
6 52 82 6 3
6 52 83 6 3
6 52 84 6 3
6 52 85 6 3
6 52 86 6 3
6 52 87 6 3
6 52 88 6 3
6 52 89 6 3
6 52 90 6 3
6 52 97 6 3
6 52 98 6 3
6 52 99 6 3
6 52 100 6 3
6 52 101 6 3
6 52 102 6 3
6 52 103 6 3
6 52 104 6 3
6 52 105 6 53
6 52 106 6 3
6 52 107 6 3
6 52 108 6 3
6 52 109 6 3
6 52 110 6 3
6 52 111 6 3
6 52 112 6 3
6 52 113 6 3
6 52 114 6 3
6 52 115 6 3
6 52 116 6 3
6 52 117 6 3
6 52 118 6 3
6 52 119 6 3
6 52 120 6 3
6 52 121 6 3
6 52 122 6 3
6 52 95 6 4
6 52 49 6 5
6 52 50 6 5
6 52 51 6 5
6 52 52 6 5
6 52 53 6 5
6 52 54 6 5
6 52 55 6 5
6 52 56 6 5
6 52 57 6 5
6 52 48 6 6
6 53 65 6 3
6 53 66 6 3
6 53 67 6 3
6 53 68 6 3
6 53 69 6 3
6 53 70 6 3
6 53 71 6 3
6 53 72 6 3
6 53 73 6 3
6 53 74 6 3
6 53 75 6 3
6 53 76 6 3
6 53 77 6 3
6 53 78 6 3
6 53 79 6 3
6 53 80 6 3
6 53 81 6 3
6 53 82 6 3
6 53 83 6 3
6 53 84 6 3
6 53 85 6 3
6 53 86 6 3
6 53 87 6 3
6 53 88 6 3
6 53 89 6 3
6 53 90 6 3
6 53 97 6 3
6 53 98 6 3
6 53 99 6 3
6 53 100 6 3
6 53 101 6 3
6 53 102 6 3
6 53 103 6 3
6 53 104 6 3
6 53 105 6 3
6 53 106 6 3
6 53 107 6 3
6 53 108 6 3
6 53 109 6 3
6 53 110 6 54
6 53 111 6 3
6 53 112 6 3
6 53 113 6 3
6 53 114 6 3
6 53 115 6 3
6 53 116 6 3
6 53 117 6 3
6 53 118 6 3
6 53 119 6 3
6 53 120 6 3
6 53 121 6 3
6 53 122 6 3
6 53 95 6 4
6 53 49 6 5
6 53 50 6 5
6 53 51 6 5
6 53 52 6 5
6 53 53 6 5
6 53 54 6 5
6 53 55 6 5
6 53 56 6 5
6 53 57 6 5
6 53 48 6 6
6 54 65 6 3
6 54 66 6 3
6 54 67 6 3
6 54 68 6 3
6 54 69 6 3
6 54 70 6 3
6 54 71 6 3
6 54 72 6 3
6 54 73 6 3
6 54 74 6 3
6 54 75 6 3
6 54 76 6 3
6 54 77 6 3
6 54 78 6 3
6 54 79 6 3
6 54 80 6 3
6 54 81 6 3
6 54 82 6 3
6 54 83 6 3
6 54 84 6 3
6 54 85 6 3
6 54 86 6 3
6 54 87 6 3
6 54 88 6 3
6 54 89 6 3
6 54 90 6 3
6 54 97 6 3
6 54 98 6 3
6 54 99 6 3
6 54 100 6 3
6 54 101 6 3
6 54 102 6 3
6 54 103 6 55
6 54 104 6 3
6 54 105 6 3
6 54 106 6 3
6 54 107 6 3
6 54 108 6 3
6 54 109 6 3
6 54 110 6 3
6 54 111 6 3
6 54 112 6 3
6 54 113 6 3
6 54 114 6 3
6 54 115 6 3
6 54 116 6 3
6 54 117 6 3
6 54 118 6 3
6 54 119 6 3
6 54 120 6 3
6 54 121 6 3
6 54 122 6 3
6 54 95 6 4
6 54 49 6 5
6 54 50 6 5
6 54 51 6 5
6 54 52 6 5
6 54 53 6 5
6 54 54 6 5
6 54 55 6 5
6 54 56 6 5
6 54 57 6 5
6 54 48 6 6
6 55 65 6 3
6 55 66 6 3
6 55 67 6 3
6 55 68 6 3
6 55 69 6 3
6 55 70 6 3
6 55 71 6 3
6 55 72 6 3
6 55 73 6 3
6 55 74 6 3
6 55 75 6 3
6 55 76 6 3
6 55 77 6 3
6 55 78 6 3
6 55 79 6 3
6 55 80 6 3
6 55 81 6 3
6 55 82 6 3
6 55 83 6 3
6 55 84 6 3
6 55 85 6 3
6 55 86 6 3
6 55 87 6 3
6 55 88 6 3
6 55 89 6 3
6 55 90 6 3
6 55 97 6 3
6 55 98 6 3
6 55 99 6 3
6 55 100 6 3
6 55 101 6 3
6 55 102 6 3
6 55 103 6 3
6 55 104 6 3
6 55 105 6 3
6 55 106 6 3
6 55 107 6 3
6 55 108 6 3
6 55 109 6 3
6 55 110 6 3
6 55 111 6 3
6 55 112 6 3
6 55 113 6 3
6 55 114 6 3
6 55 115 6 3
6 55 116 6 3
6 55 117 6 3
6 55 118 6 3
6 55 119 6 3
6 55 120 6 3
6 55 121 6 3
6 55 122 6 3
6 55 95 6 4
6 55 49 6 5
6 55 50 6 5
6 55 51 6 5
6 55 52 6 5
6 55 53 6 5
6 55 54 6 5
6 55 55 6 5
6 55 56 6 5
6 55 57 6 5
6 55 48 6 6
