0 0 s2
0 23 1
1 0 s6
1 20 s7
1 21 r3
1 22 3
1 23 1
1 29 4
1 38 5
2 1 s8
2 24 9
3 21 -1
4 1 s6
4 20 s7
4 21 r3
4 22 10
4 23 1
4 29 4
4 38 5
5 1 s6
5 20 s7
5 21 r3
5 22 11
5 23 1
5 29 4
5 38 5
6 1 s12
6 24 9
7 1 s13
8 2 s14
8 3 s15
9 2 s16
10 21 r1
11 21 r2
12 2 s14
12 3 s15
12 9 s17
13 12 s18
14 0 r4
14 1 r4
14 13 r4
14 15 r4
14 16 r4
14 19 r4
14 20 r4
14 21 r4
15 1 s27
15 4 s21
15 5 s22
15 6 s23
15 9 s26
15 11 s28
15 25 19
15 26 20
15 27 24
15 28 25
16 0 r5
16 1 r5
16 13 r5
16 15 r5
16 16 r5
16 19 r5
16 20 r5
16 21 r5
17 0 s30
17 10 r20
17 30 29
18 0 s6
18 13 r37
18 23 32
18 29 33
18 39 31
19 2 r6
20 2 r7
21 2 r8
22 2 r9
23 2 r10
24 2 r12
24 7 s34
24 10 r12
25 2 r14
25 7 r14
25 8 s35
25 10 r14
26 1 s27
26 9 s26
26 11 s28
26 26 36
26 27 24
26 28 25
27 2 r16
27 10 r16
27 11 r16
27 13 r16
28 2 r17
28 10 r17
28 11 r17
28 12 r17
29 12 s37
30 1 s38
31 15 s39
32 0 s6
32 15 r37
32 23 32
32 29 33
32 39 40
33 0 s6
33 15 r37
33 23 32
33 29 33
33 39 41
34 1 s27
34 9 s26
34 11 s28
34 26 42
34 27 24
34 28 25
35 1 s27
35 9 s26
35 11 s28
35 27 43
35 28 25
36 10 s44
37 12 s45
38 10 r22
38 14 s47
38 31 46
39 0 r34
39 20 r34
39 21 r34
40 13 r35
41 13 r36
42 2 r11
42 10 r11
43 2 r13
43 7 r13
43 10 r13
44 2 r15
44 7 r15
44 8 r15
44 10 r15
45 0 s2
45 1 s54
45 13 r24
45 15 s52
45 16 s53
45 19 r24
45 23 50
45 24 51
45 32 48
45 33 49
46 10 r19
47 0 s55
48 19 s57
48 37 56
49 0 s2
49 1 s54
49 13 r52
49 15 s52
49 16 s53
49 19 r24
49 23 50
49 24 51
49 32 58
49 33 49
50 0 r25
50 1 r25
50 13 r25
50 15 r25
50 16 r25
50 19 r25
51 2 s59
52 9 s60
53 9 s61
54 3 s15
55 1 s62
56 13 s63
57 1 s27
57 4 s21
57 5 s22
57 6 s23
57 9 s26
57 11 s28
57 25 64
57 26 20
57 27 24
57 28 25
58 13 r23
58 19 r23
59 0 r26
59 1 r26
59 13 r26
59 15 r26
59 16 r25
60 6 s67
60 34 65
60 35 66
61 6 s67
61 34 68
61 35 66
62 10 r22
62 14 s47
62 31 69
63 0 r18
63 13 r18
63 20 r18
63 21 r18
64 2 s70
65 10 s71
66 17 s72
67 17 r30
68 10 s73
69 10 r21
70 13 r33
71 12 s74
72 6 s67
72 34 75
72 35 66
73 12 s76
74 0 s2
74 1 s54
74 13 r24
74 15 s52
74 16 s53
74 19 r24
74 23 50
74 24 51
74 32 77
74 33 49
75 10 r29
76 0 s2
76 1 s54
76 13 r24
76 15 s52
76 16 s53
76 19 r24
76 23 50
76 24 51
76 32 78
76 33 49
77 13 s79
78 13 s80
79 0 r32
79 1 r32
79 13 r32
79 15 r32
79 16 r32
79 18 s82
79 19 r32
79 36 81
80 0 r28
80 1 r28
80 13 r28
80 15 r28
80 16 r28
80 19 r28
81 0 r27
81 1 r27
81 13 r27
81 15 r27
81 16 r27
81 19 r27
82 12 s83
83 0 s2
83 1 s54
83 13 r24
83 15 s52
83 16 s53
83 19 r24
83 23 50
83 24 51
83 32 84
83 33 49
84 13 s85
85 0 r31
85 1 r31
85 13 r31
85 15 r31
85 16 r31
85 19 r31


